{
  "camera_angle_x": 1.0210683976244654,
  "camera_angle_y": 0.6127521371658833,
  "fl_x": 1714.101248102086,
  "fl_y": 1707.0438449021317,
  "k1": 0.1578788996219086,
  "k2": 0.05701760328653174,
  "p1": 0.002812554956510098,
  "p2": -0.00253280351454335,
  "cx": 987.8899383959292,
  "cy": 465.4703447432016,
  "w": 1920.0,
  "h": 1080.0,
  "aabb_scale": 2,
  "frames": [
    {
      "file_path": "./images/0013.jpg",
      "sharpness": 39.436604952234745,
      "transform_matrix": [
        [
          -0.1111613962455067,
          0.03403203729992136,
          0.9932194945829016,
          3.933395144957629
        ],
        [
          0.993801395070287,
          0.005204138401861198,
          0.11104820619823441,
          1.5204902585256685
        ],
        [
          -0.001389655017808374,
          0.9994071929790476,
          -0.03439958543675167,
          0.02550224901085387
        ],
        [
          0.0,
          0.0,
          0.0,
          1.0
        ]
      ]
    },
    {
      "file_path": "./images/0012.jpg",
      "sharpness": 43.694473033475376,
      "transform_matrix": [
        [
          -0.06294718867229143,
          0.017424563983475066,
          0.9978647383316986,
          3.8971177373874717
        ],
        [
          0.9980168486180937,
          0.0012452631213170538,
          0.06293503947855562,
          1.426206840756557
        ],
        [
          -0.00014598853651053305,
          0.9998474053010754,
          -0.017468394247976346,
          0.20978992955391515
        ],
        [
          0.0,
          0.0,
          0.0,
          1.0
        ]
      ]
    },
    {
      "file_path": "./images/0011.jpg",
      "sharpness": 40.27394964004327,
      "transform_matrix": [
        [
          -0.030086135768672972,
          0.03849957143070091,
          0.9988055904087192,
          3.8576955970857414
        ],
        [
          0.9995443575416368,
          0.003587471163903532,
          0.029970107729611197,
          1.12843887427215
        ],
        [
          -0.002429349950614953,
          0.9992521769042333,
          -0.03858996253583173,
          0.33579318669872293
        ],
        [
          0.0,
          0.0,
          0.0,
          1.0
        ]
      ]
    },
    {
      "file_path": "./images/0010.jpg",
      "sharpness": 41.662130503861945,
      "transform_matrix": [
        [
          -0.0032947305322276583,
          0.042953289284136845,
          0.9990716489261128,
          3.801903084203053
        ],
        [
          0.9997442049115782,
          0.022496600228135717,
          0.002329747602528664,
          0.7448512988680098
        ],
        [
          -0.022375645162424677,
          0.9988237671958945,
          -0.043016422279349396,
          0.38329456784126387
        ],
        [
          0.0,
          0.0,
          0.0,
          1.0
        ]
      ]
    },
    {
      "file_path": "./images/0009.jpg",
      "sharpness": 25.80140045840463,
      "transform_matrix": [
        [
          -0.02839559316090341,
          0.026389377420579105,
          0.9992483630439148,
          3.7354854757400013
        ],
        [
          0.998728788363704,
          -0.04090058526046,
          0.029460981295931978,
          0.4330961981486644
        ],
        [
          0.04164729982365169,
          0.9988146689362641,
          -0.025194434557828625,
          0.38628336594632756
        ],
        [
          0.0,
          0.0,
          0.0,
          1.0
        ]
      ]
    },
    {
      "file_path": "./images/0008.jpg",
      "sharpness": 31.88309794880197,
      "transform_matrix": [
        [
          -0.05616691104247614,
          0.044584424974991,
          0.9974254393944162,
          3.691814832782567
        ],
        [
          0.99823260828602,
          -0.01691853242299499,
          0.05696861429893735,
          0.14626612356555077
        ],
        [
          0.01941488754605463,
          0.9988623490290593,
          -0.043555365126146064,
          0.31472782543178457
        ],
        [
          0.0,
          0.0,
          0.0,
          1.0
        ]
      ]
    },
    {
      "file_path": "./images/0007.jpg",
      "sharpness": 60.257242909249555,
      "transform_matrix": [
        [
          -0.08363569974652103,
          0.04074886383874528,
          0.9956628946693302,
          3.684122185798057
        ],
        [
          0.996332238123138,
          -0.014715971691442462,
          0.08429419584832262,
          0.009993346671668733
        ],
        [
          0.01808703968119335,
          0.9990610443164005,
          -0.03936862611956833,
          0.2793432788522316
        ],
        [
          0.0,
          0.0,
          0.0,
          1.0
        ]
      ]
    },
    {
      "file_path": "./images/0020.jpg",
      "sharpness": 14.33052356431098,
      "transform_matrix": [
        [
          -0.0908191641596908,
          -0.10127787746782113,
          0.9907041288671895,
          4.208555419572163
        ],
        [
          0.9925318929074837,
          -0.09055823192275118,
          0.08172911471754024,
          -0.1072547220116168
        ],
        [
          0.08143906300286557,
          0.9907280142219697,
          0.10874594636379234,
          -0.3613394180485034
        ],
        [
          0.0,
          0.0,
          0.0,
          1.0
        ]
      ]
    },
    {
      "file_path": "./images/0019.jpg",
      "sharpness": 15.956985176120382,
      "transform_matrix": [
        [
          -0.09180532844817563,
          -0.1243807705832098,
          0.9879783426650597,
          4.165251515272694
        ],
        [
          0.9948145640083406,
          -0.05506699297544954,
          0.08550795004873564,
          0.18379372009997577
        ],
        [
          0.04376945173738078,
          0.9907053296471786,
          0.1287912454355218,
          -0.3092562630239783
        ],
        [
          0.0,
          0.0,
          0.0,
          1.0
        ]
      ]
    },
    {
      "file_path": "./images/0006.jpg",
      "sharpness": 49.00209855082741,
      "transform_matrix": [
        [
          -0.060500182131283914,
          0.036414621586269916,
          0.997503735980151,
          3.7805950300004083
        ],
        [
          0.9981189506379021,
          -0.007718604584765707,
          0.060819269321136044,
          -0.051703225822695285
        ],
        [
          0.009914047587339922,
          0.9993069590849157,
          -0.03587914690238636,
          0.31020184621211866
        ],
        [
          0.0,
          0.0,
          0.0,
          1.0
        ]
      ]
    },
    {
      "file_path": "./images/0018.jpg",
      "sharpness": 16.185349139780826,
      "transform_matrix": [
        [
          -0.13780026775007403,
          -0.0724778449696603,
          0.9878046609497803,
          4.071873807338462
        ],
        [
          0.9897301389907555,
          0.028204645028226318,
          0.14013832442330493,
          0.42118803867181526
        ],
        [
          -0.03801760357117626,
          0.9969711430051204,
          0.0678468999388869,
          -0.25525912910135945
        ],
        [
          0.0,
          0.0,
          0.0,
          1.0
        ]
      ]
    },
    {
      "file_path": "./images/0005.jpg",
      "sharpness": 35.09171280351805,
      "transform_matrix": [
        [
          -0.006607149250488036,
          0.015418064207577027,
          0.9998593045386044,
          3.84190746238966
        ],
        [
          0.9989111558687047,
          -0.0460765253684582,
          0.007311394601440706,
          -0.22502254701076926
        ],
        [
          0.046182770161873915,
          0.9988189210780973,
          -0.015096841858795404,
          0.35357065017440276
        ],
        [
          0.0,
          0.0,
          0.0,
          1.0
        ]
      ]
    },
    {
      "file_path": "./images/0017.jpg",
      "sharpness": 28.424016617384343,
      "transform_matrix": [
        [
          -0.16201580623732878,
          -0.012704185755775931,
          0.9867063809417164,
          4.023998918030029
        ],
        [
          0.9857546236666366,
          0.04366905386202681,
          0.1624217831900717,
          0.6229498343374398
        ],
        [
          -0.04515197059978039,
          0.998965273368715,
          0.005448132879598318,
          -0.2923055134871012
        ],
        [
          0.0,
          0.0,
          0.0,
          1.0
        ]
      ]
    },
    {
      "file_path": "./images/0004.jpg",
      "sharpness": 27.64641366803112,
      "transform_matrix": [
        [
          -0.011661009438815042,
          -0.0036594132628999933,
          0.9999253119863442,
          3.872193930557498
        ],
        [
          0.9997559762229591,
          0.018720381552979077,
          0.01172754539486861,
          -0.40998905466937136
        ],
        [
          -0.018761899300025253,
          0.9998180614524981,
          0.003440221733066291,
          0.36835424661718563
        ],
        [
          0.0,
          0.0,
          0.0,
          1.0
        ]
      ]
    },
    {
      "file_path": "./images/0016.jpg",
      "sharpness": 18.971677139060358,
      "transform_matrix": [
        [
          -0.2050756790847823,
          0.008656110706645768,
          0.9787078407742008,
          4.040850298379761
        ],
        [
          0.9772347578862948,
          0.05736031075163182,
          0.20425969433393096,
          0.8630210395006304
        ],
        [
          -0.05437089135480662,
          0.9983160153455753,
          -0.02022225693055101,
          -0.33741999847543713
        ],
        [
          0.0,
          0.0,
          0.0,
          1.0
        ]
      ]
    },
    {
      "file_path": "./images/0003.jpg",
      "sharpness": 54.944883264612265,
      "transform_matrix": [
        [
          -0.025119677551070373,
          -0.01270973791336644,
          0.9996036536345054,
          3.844866486586336
        ],
        [
          0.9994008925463193,
          0.02349509081144855,
          0.02541331708735128,
          -0.5549859257087004
        ],
        [
          -0.023808775217287984,
          0.9996431579656238,
          0.012111934309431475,
          0.41153375370260564
        ],
        [
          0.0,
          0.0,
          0.0,
          1.0
        ]
      ]
    },
    {
      "file_path": "./images/0015.jpg",
      "sharpness": 19.354446783555858,
      "transform_matrix": [
        [
          -0.15554036116699307,
          0.016423511407563117,
          0.9876930010477121,
          3.976568016933102
        ],
        [
          0.9869704721294051,
          0.044273823853948124,
          0.1546903864692586,
          1.2068739219456572
        ],
        [
          -0.041188386623345584,
          0.9988844261434598,
          -0.023095887360432197,
          -0.3601623494390626
        ],
        [
          0.0,
          0.0,
          0.0,
          1.0
        ]
      ]
    },
    {
      "file_path": "./images/0002.jpg",
      "sharpness": 40.172253952060345,
      "transform_matrix": [
        [
          -0.0012726817898249523,
          0.0011297870068507105,
          0.9999985519289163,
          3.8735475189791333
        ],
        [
          0.9999230352124724,
          0.012342587811853144,
          0.0012586411654113585,
          -0.7706823529035426
        ],
        [
          -0.012341147942473667,
          0.9999231891025304,
          -0.0011454082397812657,
          0.3730012936683175
        ],
        [
          0.0,
          0.0,
          0.0,
          1.0
        ]
      ]
    },
    {
      "file_path": "./images/0014.jpg",
      "sharpness": 41.93067707596466,
      "transform_matrix": [
        [
          -0.14737719847899453,
          0.01103271227372671,
          0.9890188272353144,
          3.938704865905346
        ],
        [
          0.9890803586896944,
          0.0017183685399460133,
          0.14736719873780105,
          1.4945003192765096
        ],
        [
          -7.363893587620127e-05,
          0.9999376612904398,
          -0.01116548735438952,
          -0.17620617239440928
        ],
        [
          0.0,
          0.0,
          0.0,
          1.0
        ]
      ]
    },
    {
      "file_path": "./images/0001.jpg",
      "sharpness": 62.501246140962216,
      "transform_matrix": [
        [
          0.0019941229600662965,
          -0.006497107489362869,
          0.9999769052660368,
          3.8168289154497597
        ],
        [
          0.9999516908574272,
          0.009637709106315413,
          -0.0019314540000884425,
          -0.9604687393259432
        ],
        [
          -0.009624937661738251,
          0.9999324487959185,
          0.006516012396682167,
          0.3523792504229576
        ],
        [
          0.0,
          0.0,
          0.0,
          1.0
        ]
      ]
    }
  ]
}